0.883917653460347
-1.7467096843367758
0.00641132533135678
1.316886044219507
-0.4535524073526782
-2.061281764487135
1.0280359012046265
0.1785262103583102
-1.4593902477499687
1.8771919335063991
-0.505354429334754
-0.9853679017547909
1.9945078758395267
0.5198360109172298
1.849079580174257
1.2711250301044468
-0.3690344902394289
1.2500666014259452
-0.029056536954719454
0.537213505486974
-0.18034528614147102
0.012812700716952596
0.20253035691472449
-0.439796184621166
0.5752572376475389
-0.38807269143309087
0.03532029630113842
-1.1559672084511523
0.646728419256838
0.07693817082832732
3.1572982494541932
0.3493754490597395
-1.2984374611233918
-0.410095125927818
0.1241311197238506
0.934419459951535
0.5502455120973575
0.3883321015590005
-0.5429584069241518
0.7952042144802335
0.11300080150194557
-0.2345003281088989
0.23627028512242895
0.2593962302442984
0.37482957268887257
-1.102904864952539
-1.4693916065360464
1.2960802455810516
0.1032006536296895
0.8524437497599877
-1.5071170744825912
-0.3186080260600504
0.06661724415234767
0.6163920608918915
-1.5735331217215967
1.106082234759562
1.1471852400483045
0.8691140818349765
0.5424218386126737
-0.6794301608255345
-0.009397727339674684
1.0651451908941654
-0.5154653650202481
-1.8708169711490206
0.1451836222840404
0.5702693720044205
-0.03284926833080046
-1.6722722374951187
0.599882009938632
0.0017154814410644504
-1.7090808047496582
0.02614132816039536
0.8505024005585481
-0.6490869480828303
0.6651089793766737
-0.04460598042163121
1.5953152344834163
-1.784815457599919
-0.7665140155397041
0.4536900780841765
-0.6763845268735174
-3.0959032440988663
-0.6057085368669465
0.4410264650769787
0.7189205205876174
0.6463998929711045
0.6125045444231404
-0.05783053571137644
1.4194158951371965
0.9064449099035211
-1.403290974295885
1.0411770607790938
-1.939476299939921
0.7596235250636086
-1.3010428465903168
-0.04297245557527373
-1.0936666346090318
0.2788707444293424
0.07397504319415195
0.33800734136286664
