0.389988720464645
0.11571661479917195
0.040489232976908596
-0.16026431139888997
0.346676020757159
-0.4730025340661662
0.5966116553391049
-0.4750575781727513
-0.8891425081598199
0.9676772336265209
0.7662769978642316
0.6639186444309843
0.6799047306082633
1.0262748055398854
-0.18373316538020656
-0.12951469530478965
2.204961818036991
1.4319557318878613
0.7511357096768521
0.9305028244791789
2.1218362954686993
2.366520940786634
2.6441606395735047
1.7350056841462036
0.6915682954435809
-0.43260395043749555
0.8207444540649721
2.368618720098519
2.0717875538408914
-0.16487264380874078
0.8250249120181392
1.5788651837362009
0.5695479042480105
-0.9371675294998791
-0.3891098958370951
1.8080814364254683
-0.06274328321161715
-1.2870007844560978
3.01033816919279
0.4113647136657919
0.8997301463143814
0.6151675216285575
0.2768674687396455
-0.4402050053248864
0.8803007276223711
0.44936478856686735
-2.1197322804339147
0.28696248629325943
-0.02168990857501374
0.857954198145098
1.468075641253276
-0.14130400554011158
0.90107291073469
-0.32195670958320977
0.445049114677239
-0.028633801975026407
1.5027236946320663
0.02060045304562247
1.4836817194142218
1.9571591887445416
1.7540243949929406
0.30913174912962404
0.999960921593907
1.7636114587998268
-1.4677708295505214
-0.6321142485717062
2.1898049661835595
-0.46287897997288874
0.1538118857453583
-0.18331476359149934
1.2018162259525538
0.573070503789517
0.3255646219256554
1.5114751003828557
-0.630074942617491
0.4674490674970241
1.4795550403699662
1.0364315756080318
0.5297747376242269
2.077992289906571
0.2533680775361513
-0.2444422300592458
0.9727217101764231
1.0772576869061092
0.8426874171973033
-0.5543733734780092
-0.8398752557253852
-0.10356717996238829
1.1229849841422705
-0.7946248777846903
2.475033829366472
-1.875687787759396
0.9206437923607297
-0.925074118082893
-1.6896479019726929
1.4321269086531871
1.9139186271273216
1.237833135062009
1.0922731245350057
1.3027330593590858
