0.1355697591808569
2.1614668327538475
-0.6415282562955635
1.9935262699472478
1.9655691229691015
1.1901211578710067
1.0470624537237327
0.6810795016722089
1.2407893602254245
1.7050134210160142
-0.3233299027298553
1.0857364014338677
2.1423555245192163
1.375638810954778
0.8523932891430722
0.9499849462084762
-0.911560341548181
0.9017609068756509
-0.23890193504149093
2.0647183461912544
-0.7425277828542935
0.3955803419785455
0.3518114509148479
1.3824143491081191
0.0994798242780921
2.1811010841396254
1.844179680039228
1.334007488202241
2.0512336298362395
1.2466225720715975
0.007902913703681791
1.7951285571898614
1.8639457127823253
1.0323393215500192
1.8177305074130916
1.4303447991062612
1.0239596602697192
0.3276391514600048
1.0802584263000203
0.12755296249208836
1.5129881800735112
0.4779163801645321
0.4131615550493476
0.567254059015013
0.901269293469929
2.510482446052971
1.5527667320242577
0.09953440469804553
1.15579290029375
2.3526572706727142
1.5902487567027814
1.1755865474872362
-0.1890533244291035
1.0428949789814592
0.6193053747102695
1.7695208051680589
1.7536980195959915
0.7942686984838915
-0.16720822934573842
1.3141517015220643
-0.4300952532926854
2.3086112816539646
0.15141291331655682
0.22422672787363818
1.2793883989424413
0.24484032417125734
0.10961967210980328
0.056902227008703954
1.0793364536348793
0.9686410830848234
2.2572283686114876
0.4774674730707402
1.6458865383163555
1.4617581558406445
-0.24373361908469549
1.2437038595728005
-0.002640806929562034
0.3341827723497658
1.1382129069690625
-1.1299465462992497
3.0997794794427302
-1.4322098219532609
1.9400116752280607
2.334111694950492
2.4241638574108655
1.2771491272761442
-0.19118217927200098
-0.6791861253213427
2.0683922213199444
0.9677537501205068
0.7701377589958476
0.0059833501949425605
1.7170101049741395
0.28373173747394886
2.4286985823126948
1.3366149863698467
2.5538844651067194
0.5731440520894605
0.6829318212525903
0.4453116925997447
