2.1834940394961024
-1.1584952533832817
-1.4941537401791163
-0.03291725872764606
0.05532218105566755
-1.966776239864269
2.5121982896566015
-0.5732072389375887
-1.0528247934864612
-0.4154514546395722
-0.3551458501361259
-1.1135875889314715
-0.9871508341590305
-0.5894410124070739
-1.389947235214186
-0.45431970016315215
-0.7191342370523259
-0.3350479027693772
-0.10929247147014037
-0.041506390812196314
-0.4394890286668244
-0.2691277304330733
0.1671084842581504
-1.6122483543634487
-0.20767161128035383
0.7524198285964934
1.452802566211396
-0.5968733704211601
0.1761945392395624
-0.24275932130638106
-1.6521449641572863
-0.36290715054611633
-1.8748409207176815
0.5574134584046602
-0.39079244773956034
-3.0289078063414765
0.18117087141005295
-0.926153551042886
-0.6929376656206354
0.18803342424920122
-0.7720590744567102
-0.8172199997436738
0.30371671192453176
-0.19711868048849335
-0.7793693773458654
-1.6265395103361804
0.3147615064132794
-0.1567480639293905
0.003496976325404688
0.5874301728394025
-1.583452739927265
0.6467682193422661
-0.4510956879916173
1.1541424629567691
-2.0006429264496837
-0.6531390160337681
0.20562645048321615
1.0541540207076598
-0.21085883670350847
0.17071234982601224
-1.0947537427977938
-0.515922352846554
-0.7329366832261022
-1.3705001481602541
-0.3668997519516093
-0.594044833615383
1.171527469684727
-0.5247522954582682
-0.8038134966197593
0.6971153660767293
0.7348634388200357
-1.5778460497191094
0.7999116140905644
-2.9936290331371036
-0.5113877992747582
-0.9147137632412986
0.49953866563937643
-1.5121086379233268
0.6798525657238972
-0.6479063973411762
-1.091601278419104
0.38798670104467603
0.9675364745285495
-0.6391746472102496
-0.4537481490690805
-0.19742034232270894
-1.9438477791160922
-0.2746924820929538
-1.797481918409594
1.0698048940203697
-1.4842686652492305
-0.13339528459111588
-1.4367204157067552
-2.0995839996918875
-0.6027798063917966
-1.115892324592156
2.148173901027545
-0.7617158315443955
-1.6124057953614834
-1.1720538728285357
