-1.242345101347979
0.48092980895011417
-0.5636977401353916
-0.5978500502619781
-1.237548977497573
0.6041032886327447
-1.1275887825685087
-0.3539049486918415
-0.7946077528632466
0.15365265041751486
-0.40582497227955006
-1.4930632955675984
-1.718139490833991
-1.6383633480108082
-0.6285065733560319
-0.6863455419579556
-0.7992642805814327
0.8757587450503472
-1.541540649995345
-0.9188143393164433
0.5249842922067365
-1.5510287323296197
-1.6970308090104882
0.25010817059654666
0.4720787175640555
-0.5992367926429718
0.1627689926365552
-1.13829030013964
-0.9225720648442346
-1.0071808545714045
1.8688843694037969
-1.8819719803934296
0.25260108680860327
0.5341434371641152
-0.5640978628137308
-0.10819750295457065
0.15913944885960785
-1.819938770801978
-1.0884879752454055
-2.4031941547591593
-1.1529754803310648
-2.2332956425426698
-1.314907744706087
-1.3224623142472627
-0.3967212221364267
-0.87703383059673
-1.745386808122589
-1.0635967815999248
-1.2048339632310219
-0.9634738610309574
-0.1624614620648619
-0.024457082992127677
0.36058167323419754
0.2731356968109586
0.0032548076169478524
-0.2983896356475674
-1.4118222508238059
-1.5835057003709978
-1.920766669324378
-0.2934006048457448
-2.975767698026055
-2.0364322670317687
-1.524339710972194
-1.7942444195225111
-1.6083777494262406
-0.3584313987573796
-0.34361794168271165
-0.019143987828570075
-2.6498808979856023
-0.017570945640402624
-0.4474117880848748
-1.1822044813637334
-2.594234554697622
1.190118395052961
-2.2373438103942007
-1.1661223760250832
-0.9281243679080269
0.03631146550518882
1.484911640722094
-2.9905104727837726
0.36297026823834977
0.5039487329555425
-1.2720797240799604
-2.0521196604200944
-0.12834202292308172
0.10734357393908112
0.39486043217755573
-2.0859382864300944
-0.9563960170085031
-1.097692618994984
-2.8728525458985716
-1.6150418762592502
-0.5249873179054381
-1.1813172685444482
-1.704553477760598
-1.3587925700697303
0.38325163427425757
-1.9813930842012617
-1.122695833176475
-0.7667076796652169
